0.20 13.60 1
2.57 13.60 1
2.53 11.92 1
3.26 10.13 1
4.72 8.69 1
6.31 8.00 1
7.70 7.66 1
9.03 7.84 1
10.73 8.65 1
11.88 9.85 1
13.03 13.60 1
19.34 13.60 1
19.46 11.92 1
20.29 10.13 1
21.57 8.69 1
23.49 8.00 1
24.70 7.66 1
26.84 7.84 1
27.85 8.65 1
28.88 9.85 1
29.77 11.73 1
29.95 13.60 1
31.66 13.60 1
31.66 6.00 1
29.45 0.27 1
12.44 0.27 1
7.66 4.81 1
1.15 4.81 1
0.71 5.00 1
0.20 5.60 1
0.20 7.10 1
0.72 7.66 1
0.72 9.96 1
0.20 10.7 0
8.88 5.36 1
8.88 7.28 1
10.77 7.99 1
12.46 9.57 1
13.36 11.52 1
13.61 13.00 1
18.90 13.00 1
18.90 5.36 0
15.89 6.00 1
15.89 6.55 1
18.21 6.55 1
18.21 6.00 0
8.88 4.81 1
18.90 4.81 1
18.90 0.77 1
13.04 0.77 0
19.40 4.81 1
25.21 4.81 1
23.61 0.77 1
19.40 0.77 0
29.95 12.33 1
33.00 12.33 1
33.70 12.04 1
34.10 11.37 1
34.10 4.36 1
33.71 3.57 1
32.97 3.12 1
31.66 3.16 1
30.84 3.74 0
3.26 13.60 1
3.43 11.88 1
3.97 10.40 1
5.20 9.24 1
6.73 8.63 1
8.70 8.63 1
10.45 9.26 1
11.33 10.31 1
12.16 11.99 1
12.39 13.60 1
11.90 15.36 1
10.55 16.80 1
8.85 17.60 1
7.03 17.60 1
5.23 16.80 1
4.03 15.36 0
5.65 13.56 1
5.65 12.25 1
6.45 11.25 1
7.84 10.71 1
9.03 11.25 1
10.00 12.25 1
10.00 13.56 1
9.03 15.04 1
7.84 15.39 1
6.43 15.04 0
20.12 13.60 1
20.20 13.60 1
20.37 11.88 1
20.91 10.40 1
22.14 9.24 1
23.67 8.63 1
25.64 8.63 1
27.39 9.26 1
28.27 10.31 1
29.10 11.99 1
29.33 13.6 1
28.84 15.36 1
27.49 16.8 1
25.79 17.6 1
23.97 17.6 1
22.17 16.8 1
20.97 15.36 0
