-35.34 -11.80 1
-30.80 -11.80 1
-29.38 -6.50 1
-25.50 -2.62 1
-20.20 -1.20 1
-14.90 -2.62 1
-11.02 -6.50 1
-9.60 -11.80 1
3.00 -11.80 1
4.42 -6.50 1
8.30 -2.62 1
13.60 -1.20 1
18.90 -2.62 1
22.78 -6.50 1
24.20 -11.80 1
27.60 -11.80 1
27.60 3.20 1
23.00 14.80 1
-11.00 14.80 1
-20.46 5.80 1
-33.50 5.80 1
-34.40 5.40 1
-35.34 4.54 1
-35.34 1.04 1
-34.26 0.00 1
-34.26 -4.46 1
-35.34 -6.20 0
-18.00 5.80 1
2.00 5.80 1
2.00 13.80 1
-9.60 13.80 0
3.10 5.80 1
14.60 5.80 1
11.20 13.80 1
3.10 13.80 0
-18.00 0.60 1
-18.00 4.60 1
2.00 4.60 1
2.00 -10.20 1
-8.70 -10.20 1
-9.94 -5.54 1
-13.36 -2.14 0
-4.00 2.20 1
0.50 2.20 1
0.50 3.30 1
-4.00 3.30 0
-29.40 -11.80 1
-28.16 -7.20 1
-24.80 -3.84 1
-20.20 -2.60 1
-15.60 -3.84 1
-12.24 -7.20 1
-11.00 -11.80 1
-12.24 -16.40 1
-15.60 -19.76 1
-20.20 -21.00 1
-24.80 -19.76 1
-28.16 -16.40 0
-26.20 -11.80 1
-25.40 -8.80 1
-23.20 -6.60 1
-20.20 -5.80 1
-17.20 -6.60 1
-15.00 -8.80 1
-14.20 -11.80 1
-15.00 -14.80 1
-17.20 -17.00 1
-20.20 -17.80 1
-23.20 -17.00 1
-25.40 -14.80 0
4.40 -11.80 1
5.64 -7.20 1
9.00 -3.84 1
13.60 -2.60 1
18.20 -3.84 1
21.56 -7.20 1
22.80 -11.80 1
21.56 -16.40 1
18.20 -19.76 1
13.60 -21.00 1
9.00 -19.76 1
5.64 -16.40 0
7.60 -11.80 1
8.40 -8.80 1
10.60 -6.60 1
13.60 -5.80 1
16.60 -6.60 1
18.80 -8.80 1
19.60 -11.80 1
18.80 -14.80 1
16.60 -17.00 1
13.60 -17.80 1
10.60 -17.00 1
8.40 -14.80 0
