0.33 4.60 1
2.60 4.60 1
3.31 7.25 1
5.25 9.19 1
7.9 9.9 1
10.55 9.19 1
12.49 7.25 1
13.20 4.60 1
19.50 4.60 1
20.21 7.25 1
22.15 9.19 1
24.80 9.9 1
27.45 9.19 1
29.39 7.25 1
30.10 4.60 1
31.80 4.60 1
31.80 12.10 1
29.50 17.90 1
12.50 17.90 1
7.77 13.40 1
1.25 13.40 1
0.80 13.20 1
0.33 12.77 1
0.33 11.02 1
0.87 10.50 1
0.87 8.27 1
0.33 7.40 0
9.00 13.40 1
19.00 13.40 1
19.00 17.40 1
13.20 17.40 0
19.55 13.40 1
25.30 13.40 1
23.60 17.40 1
19.55 17.40 0
9.00 10.80 1
9.00 12.80 1
19.00 12.80 1
19.00 5.40 1
13.65 5.40 1
13.03 7.73 1
11.32 9.43 0
16.00 11.60 1
18.25 11.60 1
18.25 12.15 1
16.00 12.15 0
3.30 4.60 1
3.92 6.90 1
5.60 8.58 1
7.90 9.20 1
10.2 8.58 1
11.88 6.90 1
12.50 4.60 1
11.88 2.30 1
10.20 0.62 1
7.90 0.00 1
5.60 0.62 1
3.92 2.30 0
4.90 4.60 1
5.30 6.10 1
6.40 7.20 1
7.90 7.60 1
9.40 7.20 1
10.50 6.10 1
10.90 4.60 1
10.50 3.10 1
9.40 2.00 1
7.90 1.60 1
6.40 2.00 1
5.30 3.10 0
20.20 4.60 1
20.82 6.90 1
22.50 8.58 1
24.80 9.20 1
27.10 8.58 1
28.78 6.90 1
29.40 4.60 1
28.78 2.30 1
27.10 0.62 1
24.80 0.00 1
22.50 0.62 1
20.82 2.30 0
21.80 4.60 1
22.20 6.10 1
23.30 7.20 1
24.80 7.60 1
26.30 7.20 1
27.40 6.10 1
27.80 4.60 1
27.40 3.10 1
26.30 2.00 1
24.80 1.60 1
23.30 2.00 1
22.20 3.10 0
