-70.68  -23.6 1.0
-61.6  -23.6 1.0
-58.76  -13.0 1.0
-51.0  -5.24 1.0
-40.4  -2.4 1.0
-29.8  -5.24 1.0
-22.04  -13.0 1.0
-19.2  -23.6 1.0
6.0  -23.6 1.0
8.84  -13.0 1.0
16.6  -5.24 1.0
27.2  -2.4 1.0
37.8  -5.24 1.0
45.56  -13.0 1.0
48.4  -23.6 1.0
55.2  -23.6 1.0
55.2  6.4 1.0
46.0  29.6 1.0
-22.0  29.6 1.0
-40.92  11.6 1.0
-67.0  11.6 1.0
-68.8  10.8 1.0
-70.68  9.08 1.0
-70.68  2.08 1.0
-68.52  0.0 1.0
-68.52  -8.92 1.0
-70.68  -12.4 0.0
-36.0  11.6 1.0
4.0  11.6 1.0
4.0  27.6 1.0
-19.2  27.6 0.0
6.2  11.6 1.0
29.2  11.6 1.0
22.4  27.6 1.0
6.2  27.6 0.0
-36.0  1.2 1.0
-36.0  9.2 1.0
4.0  9.2 1.0
4.0  -20.4 1.0
-17.4  -20.4 1.0
-19.88  -11.08 1.0
-26.72  -4.28 0.0
-8.0  4.4 1.0
1.0  4.4 1.0
1.0  6.6 1.0
-8.0  6.6 0.0
-58.8  -23.6 1.0
-56.32  -14.4 1.0
-49.6  -7.68 1.0
-40.4  -5.2 1.0
-31.2  -7.68 1.0
-24.48  -14.4 1.0
-22.0  -23.6 1.0
-24.48  -32.8 1.0
-31.2  -39.52 1.0
-40.4  -42.0 1.0
-49.6  -39.52 1.0
-56.32  -32.8 0.0
-52.4  -23.6 1.0
-50.8  -17.6 1.0
-46.4  -13.2 1.0
-40.4  -11.6 1.0
-34.4  -13.2 1.0
-30.0  -17.6 1.0
-28.4  -23.6 1.0
-30.0  -29.6 1.0
-34.4  -34.0 1.0
-40.4  -35.6 1.0
-46.4  -34.0 1.0
-50.8  -29.6 0.0
8.8  -23.6 1.0
11.28  -14.4 1.0
18.0  -7.68 1.0
27.2  -5.2 1.0
36.4  -7.68 1.0
43.12  -14.4 1.0
45.6  -23.6 1.0
43.12  -32.8 1.0
36.4  -39.52 1.0
27.2  -42.0 1.0
18.0  -39.52 1.0
11.28  -32.8 0.0
15.2  -23.6 1.0
16.8  -17.6 1.0
21.2  -13.2 1.0
27.2  -11.6 1.0
33.2  -13.2 1.0
37.6  -17.6 1.0
39.2  -23.6 1.0
37.6  -29.6 1.0
33.2  -34.0 1.0
27.2  -35.6 1.0
21.2  -34.0 1.0
16.8  -29.6 0.0
